8194
8198
8
9
11457
8206
8207
17
18
19
8212
21
22
8217
8218
9562
30
33
7981
13530
39
8233
42
8235
44
8237
8238
47
547
8242
8246
61
62
63
64
8257
66
67
70
8267
76
77
8271
14287
8280
8281
8283
92
8285
8286
8287
8288
7641
99
10562
101
102
8209
10369
6844
8300
8303
8304
1384
822
5481
8312
8313
8314
8315
2459
9578
8318
8213
11461
1387
10370
8334
5485
1259
8344
154
155
156
8352
5488
8356
165
166
8359
8360
169
170
171
172
173
174
8367
178
5491
180
182
183
185
186
187
189
190
191
192
193
194
195
197
198
13100
8393
8394
3711
204
13373
206
208
209
9827
15054
223
8416
8417
226
13691
8420
8421
8422
13692
8427
8428
8429
13693
8432
13694
249
250
251
252
253
8446
255
256
257
258
43
260
261
8454
266
267
268
13698
11206
5507
276
8471
282
8475
8476
286
287
288
8481
290
291
8484
293
8486
8487
297
298
8491
8492
8494
304
8497
306
307
5513
1093
313
314
8507
316
317
8510
319
320
322
323
324
327
12286
8523
8524
333
334
335
336
337
8531
1506
341
345
557
3306
352
8545
8547
8549
8550
8554
8555
8556
9618
8558
8559
8560
369
8562
371
373
8566
8567
5468
377
378
379
380
8576
385
6891
13205
14545
65
8584
393
394
395
396
397
398
399
400
8593
8595
8596
8597
14569
8601
8602
8603
8604
8605
8606
8607
8608
8610
8611
8612
10993
8616
8617
1803
8619
8620
1437
8626
8627
9630
8630
8633
12279
8635
13203
2197
450
451
1106
453
6778
13729
10805
8653
14200
13731
4174
476
477
478
479
12291
4176
9638
4177
3300
3331
8685
6909
562
8692
15102
3623
5546
9526
8703
7382
8705
8706
8708
15105
13806
8718
8719
8720
529
530
531
8725
535
536
537
8730
539
541
8734
8795
545
546
8739
548
549
8742
8743
8746
8747
8749
8750
8751
561
8754
563
565
566
9652
8762
571
8764
8766
8768
580
581
582
583
584
15116
587
4194
590
8784
593
594
4195
596
2202
8791
8793
8794
6927
8798
8799
608
610
7448
612
613
614
1468
8810
619
8812
8813
8814
8815
8816
8817
8820
8822
8823
11723
8826
8828
12394
8830
8831
641
642
4203
650
651
4878
653
8846
8847
656
657
658
659
660
661
13661
8855
664
8857
666
667
669
13765
12843
6939
9297
6940
13767
684
8877
15133
688
5576
15134
8886
6943
8892
701
702
703
704
705
8898
13771
15572
8903
8904
713
715
717
725
726
8922
8923
732
733
734
735
5584
9299
739
740
742
746
2855
13778
8942
4221
753
756
758
759
760
13780
764
765
14210
768
770
15147
13782
775
776
778
779
780
6957
8979
15150
8985
8986
11055
9690
799
800
8993
802
8995
804
805
806
13788
9003
813
9007
9008
9009
9011
9012
15303
300
1503
9021
830
9023
9024
13792
9026
835
9028
837
13793
9032
9033
6967
9037
846
847
848
849
850
9043
853
854
2873
14213
857
859
2874
9054
12031
9056
9057
9058
9059
9060
869
870
871
9064
873
5653
9069
9070
9072
9073
9074
9075
9076
11070
9079
9081
9082
9083
14487
13802
9089
9090
9091
9092
9093
902
9095
904
905
9098
9099
9100
9101
9102
911
9104
9105
9106
917
4286
12441
921
14488
13807
9116
925
926
11263
9122
9123
9125
9126
5617
9129
938
9131
9132
9133
9135
9136
2888
9139
9140
9141
9142
2889
9144
6035
9148
9150
9151
9152
7397
9158
9159
968
9161
970
971
973
8489
13816
979
9172
2894
982
983
984
985
986
2895
988
989
990
991
992
994
995
996
997
998
999
1000
1001
1002
2898
1006
9199
1008
9201
1010
1011
1012
1013
1014
9207
1016
1017
9210
1019
1020
1021
1022
9215
1024
1025
1026
1027
1028
9221
9223
1034
1035
1036
9229
1038
1039
1040
9233
1043
9236
9238
13828
1051
1052
9245
1054
1055
1056
1057
9256
9257
9258
9259
9265
9266
9267
1079
1080
9274
9275
1084
9277
1087
9280
1089
9282
1091
9284
9285
9286
1095
1097
9290
9291
1100
1101
1102
1103
1104
1105
9298
1107
9300
2219
1110
12473
1112
1113
13804
1117
1118
1119
9312
1121
9314
9315
9316
3111
1130
1131
1132
1133
1134
4285
1136
1138
1139
9332
9333
13810
9335
9336
1145
9338
12479
1148
1149
13845
1152
9345
1154
1155
9349
9350
1159
9352
9353
9354
9751
1164
9357
9358
9359
9360
1169
1170
12483
1172
1173
9366
9367
1176
1177
1178
1179
9372
1181
1182
4293
9376
1185
1186
1187
1188
1189
1190
1191
1564
1194
1195
1196
9390
1201
1202
13679
201
1208
1209
1210
1211
9404
1213
9406
9407
9408
9410
9411
5900
9414
9415
9416
1225
1226
1229
9422
1231
9424
9425
9426
1235
9428
9429
1239
1240
13860
1242
9435
9436
9437
9438
9439
9441
1251
9444
9445
1254
9447
9449
1258
9451
1260
9453
9454
9455
8895
9457
9458
9459
9460
9461
1271
9464
9465
9466
9467
9468
9469
9470
1279
9472
1282
1284
9477
861
9479
9480
9481
1290
9483
1292
9485
9486
9487
1297
9491
1300
9493
4313
9496
5679
12120
589
1314
1315
1316
9510
9511
1320
1321
1322
1323
1324
1325
1326
1327
9520
1329
9522
1331
1332
1333
1334
9527
1336
9529
1338
9531
1340
1341
1342
1343
9536
1345
9538
9539
1348
9541
1350
1351
9544
1353
9546
1355
1358
9551
9552
1361
15321
1363
1364
1366
1593
1370
1373
4325
12175
1378
1381
9575
9576
1385
1386
9579
9580
9581
1391
4328
1394
1395
1396
13886
9590
12521
1404
1406
9599
9600
9601
1410
1413
9606
9607
9608
9610
1419
13890
12868
1425
1684
1427
1430
1431
8231
8431
1436
9629
1438
1439
1440
1443
1445
1446
1447
1449
1451
12869
15261
1456
1457
1459
6868
1466
9660
9661
9662
9663
9664
9665
1477
2977
1480
1482
1483
1485
9679
9684
9685
8441
1496
1497
1498
9691
1500
1502
9695
9696
9697
9698
9699
9700
1509
13962
1617
1512
1513
1514
9707
1516
1517
9710
1521
1522
1524
9598
1526
1527
1528
9721
9722
8447
1532
1533
1534
1535
1536
1537
1538
1539
1540
1541
1542
1543
1548
1549
6175
9746
259
9748
1558
1559
9752
1561
1562
1143
9756
1565
1566
10954
9762
9763
9764
13453
1574
13916
9772
9773
1582
1583
12055
12552
9778
9779
9780
1530
9784
9785
9789
9791
9792
3930
9055
1603
9797
9798
9799
9800
9328
9802
1612
1634
5782
9807
872
9811
9812
9813
9814
3284
1625
9819
9820
9821
1631
1632
9825
9826
1635
1638
1641
1643
1644
6128
1646
1648
1649
9846
5737
9852
9853
9854
1663
1664
9857
9858
9861
9862
1671
10853
13650
1675
9868
1677
1678
1679
1680
1683
9876
9877
9878
11204
1690
5239
9885
9886
7109
1696
9889
9890
1699
9892
1701
9895
9896
9898
9899
9900
9903
8786
1717
1718
15305
1725
1726
8480
9925
9926
9927
1736
9930
8482
1742
2599
15061
8483
1748
1750
292
1756
8485
404
1762
8011
295
12505
9970
9971
1781
1782
1783
1784
1785
1786
1787
9980
9982
1791
1792
9856
5788
9987
9989
1798
1799
12128
1801
9994
3031
1804
1805
1806
10001
1810
1811
10004
1813
1814
1815
1816
1817
1818
1819
1820
15322
10014
10015
10016
10017
3035
1828
1829
1830
10023
10024
1833
10026
1835
8498
1838
11229
12845
10038
10039
10042
7135
10045
9867
10053
10054
11233
10056
1865
1866
10059
10060
10061
10062
10063
1872
1873
10066
1875
1876
10069
1878
10071
10073
1882
1883
6309
1886
1887
1890
315
11251
10091
1900
13970
1902
8509
1904
13971
11633
13972
3050
1685
9061
3051
5672
1686
1927
3052
1930
1931
1933
1934
1935
1936
1937
1939
5632
5785
11853
1946
1951
6505
10148
10149
10150
10151
10152
1961
1962
10155
10156
1966
10159
10160
9340
1970
3059
1975
11252
5791
1980
10173
10174
10175
10176
9888
10178
1987
10180
10181
10182
1697
1992
332
11255
1698
10194
9891
2004
2005
2006
2007
1700
8527
2012
2015
2016
2017
2018
10211
10212
10213
2022
12625
10218
10223
10225
10228
10229
10230
2040
2041
2042
10235
10236
10237
10238
10239
2048
10242
2051
2053
10246
10247
10248
10249
10251
2060
3074
2063
2064
9616
6233
1160
5807
10269
10270
10271
10273
10275
10276
3078
10278
10279
2089
2090
7175
10287
10288
13436
10290
10291
199
2103
2107
2108
2109
2110
2111
2112
10305
10306
2115
12382
14006
8361
10312
10313
10314
14007
10319
2128
10321
10325
1162
10327
10328
2137
2138
2139
2140
5270
14257
10339
10340
10341
9346
617
2152
2153
10350
10351
7708
2164
2165
2166
2167
10360
2169
2170
2171
2172
2173
10366
10367
2176
2177
2178
10371
10372
10373
2186
10379
10380
10381
10382
10383
10384
10385
10386
2195
2196
10389
2198
2199
10392
10393
10394
10396
10397
2207
8569
10401
10403
2212
2214
10407
2216
10409
10410
1735
10412
370
10414
10416
10418
2229
10422
10423
10426
10428
10429
8565
5634
10434
10794
10436
2251
11298
3186
1741
8568
15395
202
10455
2264
11300
10466
10467
2276
2282
10475
2284
2286
2287
10480
2289
1747
2293
2294
2295
2296
9351
12079
10748
2309
10505
2316
2317
10514
9212
2325
1753
5533
2329
10522
10524
10525
10526
10527
10529
10530
10531
10532
390
2342
10535
10536
10537
10538
2347
10540
10541
10542
2351
2352
2353
10546
2355
10548
5854
10550
10552
10553
9463
12682
3352
14048
2370
2371
6080
10565
10566
5857
2380
6126
2389
2390
2391
2009
2395
2396
2400
2401
6081
401
6354
6888
10603
10605
10606
10607
10608
10609
2419
10612
2421
2422
10615
2424
10617
10618
2427
2428
2429
2430
10627
2437
10630
10631
2440
10633
10635
10636
10637
2446
2447
10640
2453
14539
2457
2458
10651
10652
3141
411
11334
2471
2473
10666
2476
413
2480
2485
2490
10684
10685
2494
2495
2496
2505
2509
7245
10705
9977
13723
9978
10718
6358
10721
2530
10723
10724
10725
10729
10730
10731
7401
10733
10735
10736
10737
10740
12867
10742
10743
10744
10745
10746
9983
6279
13274
10750
10752
10753
10756
10757
10451
9985
10760
10761
7873
10763
10764
10765
10766
10767
10768
10769
8100
1795
2580
10776
10777
10783
10784
10785
10787
10788
10791
10792
10793
2602
10795
10796
10797
2606
2608
10803
2612
2613
2614
10807
2616
10811
10812
10813
10814
10815
10816
10817
10818
10819
10820
2632
2633
2634
2638
2639
15530
10834
2643
10837
2646
5687
2648
10842
2652
10845
10846
10847
10848
2657
2658
2659
2660
13602
2662
2663
10856
2665
10858
10860
10861
2671
10864
13817
10867
10868
2679
10872
1812
2682
10875
10876
10877
10005
7275
10884
10006
2694
10887
10888
2697
13456
10007
2701
2702
2703
7183
10898
2707
2708
10183
10009
2713
6637
10908
14106
2718
2719
10912
2721
10914
5819
3364
10920
10921
10922
10923
10924
9911
10013
10928
10930
10931
1455
10934
10935
10938
1822
10944
10945
10948
1825
10952
10953
6093
10955
10957
10961
10963
10391
12913
10968
2777
2778
10971
10972
10973
10974
10975
10976
10977
10978
10979
10985
10986
10987
10988
10989
10990
10991
10992
1832
10994
10995
10997
11004
10732
3367
12486
10027
11014
11017
11018
11020
10187
14125
9096
2836
2837
2838
11032
2841
2842
2843
2846
2847
2849
2850
2853
11047
2856
11049
2858
11051
11052
11053
2862
2863
2864
11057
2866
11064
11065
11066
11067
11068
2877
2878
11694
2880
480
2882
2883
2885
2886
11080
11081
11082
11085
11086
11087
11088
11090
2899
2900
11093
2903
11096
11099
2908
11101
11103
10413
10043
2916
11109
2919
2921
2922
2923
2924
2925
2927
2928
2930
2933
2936
2937
2938
11009
2941
2944
11138
2949
2950
2951
2952
2953
2954
2957
2958
2959
2420
2961
2962
2967
2968
2969
11163
11164
2974
11168
11169
11170
11171
2980
11173
11174
11175
11176
2985
2986
11180
11181
11182
11183
11184
11186
11187
11188
11190
11191
11192
11193
11194
3231
10058
3007
3008
11201
3010
3011
3012
3013
3014
3015
3016
3017
3018
3020
11214
3027
3028
3029
3030
14831
3032
3033
3034
11227
3036
3037
3038
15525
3040
10064
11234
11235
15377
15526
3049
11242
11243
11244
3053
3054
12797
3056
15528
3058
10067
3060
11254
3063
11256
11257
11258
11259
11260
11261
3070
3071
3073
11266
10070
11270
11271
15532
3082
3094
13742
12901
3098
3099
10074
11294
11295
11296
11297
3106
3107
3108
11302
11303
11304
11305
3116
13470
11311
11313
4617
8095
6622
4196
11332
11333
3142
4742
8561
3156
3159
3160
1469
3162
11356
15546
3166
528
7355
3172
3174
3176
3177
11371
2288
11453
11377
11378
7358
3196
14291
3199
11456
1899
11399
3208
13473
11402
3211
11404
11405
1901
3216
3219
3220
3221
11050
3227
3228
538
7365
3232
14192
3234
3235
3238
13474
4495
8169
3243
3244
3246
3253
11449
6207
3261
11454
3264
3265
11458
11459
11460
14198
11462
11463
11464
11465
3274
14199
5019
8738
3280
11473
11474
11475
11476
11477
3286
4201
3289
11482
11483
3292
11485
2019
3296
3297
11490
8478
11492
11493
11494
3281
6012
11498
11499
11501
11502
11503
11504
11505
11506
3283
11510
11513
3322
11520
11697
11522
11523
11524
11525
11526
11527
12844
11530
11531
11532
11533
11534
11535
15387
11539
11540
11541
11542
11543
11544
11545
11546
559
11550
11551
4656
11554
11555
11556
11557
3366
8753
3368
3369
3931
3371
3372
4658
11566
14216
3379
11573
3382
3383
3384
3385
3386
3295
3388
11581
13567
3391
3392
2532
8758
11593
3402
4663
11597
11598
10479
3409
11602
11491
11604
11605
3414
11607
11608
3417
11610
3419
4666
3422
3423
3424
11617
3426
11619
11620
14225
11624
11627
11628
11629
11630
3439
11632
3441
11634
11635
11639
3448
3449
3450
11643
11644
3453
3454
14229
11648
12864
8844
7403
3460
11654
12865
11659
11660
11661
11662
11663
11664
11665
3474
11667
3389
11670
11671
3480
11673
11674
3483
3484
3486
11679
3488
3489
3490
3491
12870
3498
11691
3500
3501
3502
3503
11696
4680
12119
3507
3508
3509
3510
3511
11705
3517
11710
3519
3522
4683
12197
11718
3527
3528
3531
3532
3533
11726
3535
3536
3537
3538
3539
3540
8782
3543
11736
3545
3546
5028
3550
3551
3301
15611
12939
14303
8785
3560
9393
3562
3563
3565
12121
3568
7225
8787
11767
3577
3578
3579
3582
15616
3586
1963
5643
3592
3593
3595
3330
12888
7427
1967
3612
6667
1968
3618
3619
14491
11815
11699
11825
3635
3638
3337
4703
3645
3646
12896
10534
6680
3654
3656
14102
3658
3659
11852
4706
11481
3663
11858
3671
3672
11865
3674
3675
11868
11870
11871
11872
11873
4710
11880
11881
11882
11883
11884
11885
3694
11891
6078
3702
11895
11896
11897
3709
3710
13609
3712
3713
3714
8811
3716
11909
3718
11911
11913
3723
1986
11308
3728
3729
11922
10179
11927
1988
623
5580
6085
11936
3745
11938
3747
3748
14278
3751
3752
3753
3754
6087
3756
3757
3758
3760
11954
3764
9127
11958
11959
11960
6090
3775
3776
3777
11970
6091
5024
11974
11975
11976
6092
3786
3789
11983
11984
11985
11100
11988
3797
3798
11991
11993
11994
11995
11996
3805
11998
11999
3808
3809
3810
3811
3812
3813
12006
3815
12008
3817
3818
3819
3820
3821
3822
3823
12016
3825
3826
3827
3828
638
3830
12023
3834
3835
12028
3837
3838
3839
10337
3841
3842
3844
3845
3846
3847
12040
12041
3850
12043
3852
3853
12046
9130
3856
3857
3858
3860
3861
3862
3863
3864
3865
3866
3867
3869
3870
3871
3872
3874
2011
3876
3877
3878
3879
12072
12073
12074
12075
12076
12078
3887
3888
3892
3893
3894
3895
3896
3897
3899
3900
3901
3902
12095
3904
14304
3907
3908
3909
3911
14042
12940
12108
12109
3918
5918
12113
12114
14307
12116
654
12133
3928
2020
1990
655
3932
3933
3935
3936
3937
12130
3939
3940
10214
12134
12945
3944
3945
3946
3947
3949
3950
3951
3952
12947
3957
12948
3963
3964
3965
299
12162
12163
14044
12165
3977
3978
4759
3980
3981
3983
9031
12178
12179
12180
12181
12182
3991
3992
3993
12186
12187
3996
3997
3998
3999
4000
4001
4002
4003
4004
7337
4006
10408
4012
4013
4014
12957
4016
4017
12210
11045
12216
11594
11595
12228
12230
12231
12233
12234
12236
9893
4945
12240
4049
4050
12244
12245
12246
12249
12250
12251
12252
12256
6139
12260
11601
4775
12268
12270
12271
13186
4083
12276
4085
13775
4087
3955
12285
14419
4096
12289
12290
4099
12292
12293
4102
4104
7174
12300
4109
12973
12306
4115
4117
12313
12314
12315
12317
8880
11867
11611
9412
2054
4136
4137
4138
12978
15141
2057
11615
12353
12354
12355
12356
12357
4167
4168
4169
4171
12364
12366
4175
12368
12369
12371
12372
12373
12374
12375
12376
12377
12378
12380
12381
4190
12383
12384
12385
12386
12387
12388
12389
12390
12392
12393
4202
12395
4204
4205
12399
12400
12402
12404
4214
4216
12409
12410
4219
4220
12413
12415
4225
3435
12421
4801
14871
8757
12430
4242
4243
4245
4246
4247
4248
4249
12443
3440
4258
10267
13508
4261
4263
4265
12999
3442
4270
4271
4273
3443
4277
4278
4279
4280
4281
4282
12475
12476
12477
12478
4287
12480
11939
12482
4291
4292
12485
4294
4295
4296
4297
4298
15146
4300
4301
4302
4303
4304
4305
4306
12499
4308
4309
11641
4312
2084
4315
4316
4317
4318
4319
4320
4321
4322
4323
4324
3690
12519
12520
4329
2087
4336
12529
12530
4819
12533
4342
10281
4820
7207
3418
4350
12543
4353
3691
1236
4357
4358
4359
4360
4361
5629
11650
4366
6189
4372
4374
4825
14603
6191
13101
4383
10722
4386
4388
8875
12584
13559
4394
13068
6194
10613
13022
12598
12599
12601
12602
4411
12606
13786
12609
12611
12612
12613
12614
12616
12617
12620
12621
12623
6200
4435
4436
4437
14393
966
14394
13787
4448
3472
12643
2876
13614
14397
9754
4466
8311
8704
10303
3477
4482
4483
13819
12558
2114
6127
12687
4496
12691
2439
750
3481
4504
4505
4506
12701
12702
12703
12704
12705
4515
4516
4517
11676
12426
3487
4541
1515
11680
412
11681
6220
11682
3425
13451
13791
4567
5062
15306
4577
5608
4583
4584
4585
4592
4595
4600
4601
4602
4603
4604
4605
4606
4609
4611
12804
4613
4614
11692
3427
8962
4622
4623
4624
4625
4628
4629
4630
4631
4632
1518
4634
4636
4638
8065
4641
4644
4645
4646
4647
4649
4651
4652
4653
12846
12847
12848
12849
12850
12851
12852
12854
12855
12856
11700
12858
4667
4668
12863
4672
4673
4674
4675
4676
4677
4678
12871
907
12873
4682
12875
12876
6242
4686
4687
4688
4689
4690
4691
4693
4694
4695
4696
12889
12890
4700
4701
12894
12895
4704
4705
12898
12899
12900
4709
12902
4711
12906
12908
12909
12911
12912
4721
12914
4723
12916
10345
4729
4730
4731
4732
6250
12927
12928
12929
12931
12932
12933
12934
2340
4744
6252
12938
4887
4748
4749
12944
4753
12946
4755
4756
12949
12951
12952
12953
12955
12956
4765
12958
4767
4768
4769
4770
4771
4772
4773
4774
9979
4776
4777
4778
4779
4780
6258
4782
4784
4786
4787
4788
4789
4790
4791
4792
14452
4794
4795
12993
12994
4803
4805
4806
4807
4808
4809
4810
4811
10253
4813
4814
7629
2168
4818
803
6906
4821
4822
10361
8996
4828
4829
4830
4831
4832
4833
4834
4835
4836
4837
4838
4839
4840
4841
4842
4843
4844
4846
14461
4848
9143
11731
6270
4905
11732
6271
13098
11073
8618
10368
13809
4907
13063
13064
13065
13066
4875
4876
4877
14817
4879
13072
13073
13074
4883
4884
4885
13078
13079
4888
4889
4890
815
4892
4893
4894
4895
4896
816
4898
4899
13092
6278
13094
13095
13096
13097
4906
13099
4908
4909
4910
4911
4912
4913
4914
4915
4916
13112
13116
368
13118
13119
4928
13121
4930
2187
4933
4934
4935
4936
2188
4938
13131
4941
4942
4944
13137
4946
4947
4948
2190
13144
4953
4954
2191
4956
4957
4958
4959
2192
4962
13155
13157
2193
1802
10387
13172
13173
13174
13175
13176
10388
13178
831
13180
7658
13183
13184
832
4994
4995
4998
13191
5000
5001
5002
13195
13197
13198
5007
13200
5009
5010
9027
5012
5013
13206
13207
13208
13209
5018
13211
5020
13213
5022
13215
13216
5025
13218
13219
13220
5029
13222
13223
13224
2204
13227
13228
13229
13230
13231
5040
5041
13235
13236
13237
13239
5048
13241
13242
13243
13244
15386
5057
5058
5059
5060
5061
13254
13255
13256
5065
13259
5070
5071
5073
5074
5075
5078
5079
5080
5082
1005
5087
5089
5090
10406
9041
5098
6311
5100
5101
5102
13296
5105
5106
5107
5108
5110
5111
13304
13140
13308
4949
13315
5124
13317
13318
3585
13320
13321
9047
5132
13325
13326
5135
9243
4952
13330
7781
5143
5145
13338
13339
5148
13341
5154
9051
5158
5159
5162
7687
5165
13358
5167
13360
5169
13362
13365
5174
5177
13371
1809
11902
5182
10400
5187
5188
5490
13384
4999
5197
5198
5200
5201
5202
5203
4111
10539
5211
13404
5214
5215
5216
2083
5223
5224
5226
13813
5230
5231
5233
5235
9065
13433
5242
5243
7110
5246
13441
13442
13446
9995
5259
13452
175
877
5264
13457
13458
13460
13461
13462
5271
3438
6340
13467
13468
13469
5278
5279
13472
5026
5282
5283
5284
5287
13480
5289
5290
14535
13484
13485
5295
13489
13490
13491
5300
5302
5304
5305
5306
5308
5309
4981
13504
13505
5315
5316
5321
5322
13515
13516
13517
5327
5328
13523
5633
5334
13177
5336
5337
5338
5339
5342
5344
5345
13538
13179
13540
13542
13543
5352
13545
5354
5355
13548
5357
5358
13181
5360
5361
5362
14547
13556
5365
5366
5367
13560
3452
5370
5371
5372
5373
13566
5375
5376
13569
13570
5379
5380
5381
13185
5384
13579
13580
13581
13583
13584
13585
13586
13587
5396
6030
5399
5400
5401
13594
5403
13596
13597
13598
5407
13600
5409
5410
13603
5412
5417
13611
5420
5421
5422
5423
5424
5425
13618
13619
13620
11711
13622
13193
13624
5433
6367
13194
5443
13075
13639
13640
13641
5451
13644
13645
5454
5455
13648
13649
12184
13651
5460
910
5462
13657
10002
13659
13660
10020
13662
13663
5472
5008
5477
13201
13672
13673
13674
14567
5484
13677
13678
5487
13680
13682
13683
5492
13685
13686
5495
5499
5500
5501
5502
9109
5504
5506
2283
5508
5509
13702
13704
10476
5514
5515
5519
5520
5521
13721
13722
855
13725
13726
5535
5537
5538
5539
1821
5541
3185
13736
13738
5547
5548
5550
5551
5552
5553
5554
5555
5556
13214
13752
5023
5564
13760
13761
13762
13764
5573
5575
13768
5577
5578
5579
13772
5581
5582
5583
13776
5585
5586
5587
5588
5589
5590
5592
5593
5594
5595
5596
5597
13790
5599
5600
5601
5602
5603
13796
13797
13798
13799
13800
13801
5610
13803
5612
13805
5614
5615
5616
1278
5618
5619
13812
5621
5622
5623
5624
5625
5626
5627
5628
13821
13822
5631
13824
13825
13826
5635
5636
5637
13830
5639
5640
5641
15170
11863
15204
5645
5646
5647
5652
5038
5654
13820
13849
13850
13851
13852
13853
5662
5663
5664
5665
13858
5667
5668
13862
13863
13864
3676
13866
5675
5766
13869
5678
13871
5680
13873
5682
5683
13876
5685
5686
2917
5689
7775
5693
5694
13887
5696
5697
5698
5699
5700
13894
5707
5710
5711
13904
13240
13906
13907
5716
13909
13910
13911
13913
13914
13915
5724
13917
13918
5727
5728
5730
1009
5733
5734
5735
5736
13929
13930
7783
13932
14610
5374
13940
13941
13943
13944
13945
13946
13947
5756
13949
13950
13951
13952
13953
13955
10012
11495
13831
5770
5771
5772
13967
5776
13969
5778
5779
5780
13973
13974
5783
13977
5786
5787
13980
13981
5790
5494
5792
5793
5794
5795
5796
5797
5798
5799
5800
5801
5802
5803
5806
2333
5808
9160
5810
5811
5812
5813
5814
5815
5816
5818
2335
12469
3803
7559
7700
14026
14027
14028
14029
14030
14031
14032
14033
2339
5846
14039
14040
14041
3468
14043
5852
14045
14046
14047
4754
14049
14050
14051
14052
14053
14054
5864
5870
5872
5875
12501
5877
6441
3469
980
5882
5883
5884
2346
981
14082
14083
4015
9355
15207
5898
4288
5902
5903
5905
5908
5909
13372
5911
14104
14105
5914
14107
5917
14110
14112
10544
10545
14120
14122
1676
6450
14127
14128
5947
5950
10549
14145
14146
14148
14150
4290
9186
14159
14160
14162
14163
14165
14174
9189
14177
14178
14181
5990
5991
5992
14185
14186
14187
14188
3730
14191
6000
14193
14194
14195
14196
6006
6007
6008
6009
6010
14203
14204
14205
14208
14209
6018
6021
6022
6024
6026
6027
6028
6029
14222
6031
14224
6033
6034
14227
14228
10021
6038
6039
14232
6041
6042
1007
6045
6047
9200
15555
747
9025
7837
14256
14664
14258
11497
13187
7838
14263
14264
14265
14266
6075
6076
6077
14270
6079
14272
14273
14274
14275
6084
14277
6086
14279
6088
14281
14282
1015
14284
3746
14286
14669
14289
14290
2059
9209
14297
1018
14302
3749
6112
14305
14306
6115
14308
14309
14310
14311
14313
14314
14315
14316
14317
14318
14319
14320
14321
14322
14323
14324
14325
14326
14328
6484
6138
1023
14333
9216
6486
6150
6155
6156
6158
6161
6162
6170
6171
6173
6174
5125
6176
6177
10587
14372
11225
14375
14376
14377
14378
14379
14380
12185
14382
14383
14384
14385
14386
6195
6196
6197
14391
14392
6201
6202
14395
6205
14399
6208
14401
6210
6211
6212
6213
14408
6217
6218
14411
14412
6498
6222
1037
14417
14418
6227
6229
6230
11937
14428
6237
2117
6239
6240
9232
14434
6243
6244
6245
6246
1299
14442
6251
14444
6253
6254
14450
14451
6260
14453
14454
14455
14456
14457
14458
14459
14460
6269
14462
14463
14464
14465
6274
6275
14468
14469
14470
14471
14472
14473
14474
14475
14476
6285
6286
6287
6289
6290
6293
14486
6295
13565
14489
14490
6299
14492
14493
11973
6304
6305
6306
5147
14500
14501
6310
14503
6312
9244
6314
10844
6316
6317
1053
14513
14515
14518
14519
14520
6329
6330
9247
6332
6333
6334
14527
14528
6337
14530
14531
14532
14533
14534
6343
4929
6347
14540
6350
14544
6353
14546
6355
6356
6357
14550
2425
14552
14553
14554
6363
14556
14557
6366
14559
14560
14561
14563
14564
14565
14566
6375
14568
6377
14570
6379
14572
6381
14574
14575
14578
14580
14584
14585
11989
14593
14594
14599
14601
14602
3799
14604
14606
14607
14609
9208
14611
3456
6262
13359
14621
14625
6434
6435
14628
14629
14630
14631
6440
14633
14635
14636
6445
14638
14639
14640
14641
14642
14643
14645
6457
6458
6459
6460
6461
14654
6463
12000
3009
6471
6472
14665
6474
14667
14668
6477
6480
6481
6482
6483
14676
6485
14678
6487
6488
6489
14682
14683
6490
14685
10309
6495
14688
14689
14690
5179
6500
14693
14694
14695
9276
14698
6508
1085
3816
6515
13547
6524
6525
15258
1088
2454
9281
13643
1090
6552
9283
13857
6492
1092
6555
6556
6558
6559
6372
3824
5674
6564
1094
6566
6567
6568
6570
4133
6576
14770
14771
14773
14774
9289
6585
3829
14784
14785
14786
6595
6596
9292
3831
9293
14801
14802
5483
14809
14810
14812
14813
14814
6565
14816
9296
14819
14820
14822
14823
14824
3836
14827
14828
13394
6638
6639
6640
14833
14834
14835
14836
10665
7935
5677
14679
14852
14853
4766
6666
14859
6668
9046
14862
6671
13615
14865
14868
14869
14870
9305
14872
6681
6682
6575
6684
13403
6695
6696
6697
6698
6699
9309
6705
6706
6708
4409
3849
6712
6714
6722
6723
6724
6725
9313
6728
6730
14923
224
6621
14927
14928
14929
14930
14931
14932
15375
10863
14940
14941
6751
6752
12048
6757
14775
5064
6762
6499
12050
14962
14963
6772
5681
6774
4955
6776
3482
13684
6780
9322
6783
10688
6786
13865
14982
14983
6792
9324
6795
14989
10592
9326
14684
15001
9774
6816
12484
12059
1874
6823
6824
6825
6826
13848
9330
6832
12866
15026
9331
6836
15029
9709
15032
1140
6843
15036
6845
15039
15041
15043
15045
6856
15049
15050
6859
6374
6861
6862
15055
15056
1144
15058
6867
15060
6869
5241
13595
12068
15066
15069
13868
6880
6881
9339
2337
15080
6889
15082
12071
15084
15085
6894
6032
15092
15093
15098
1151
15101
6910
4927
6913
15106
15107
6917
15110
5249
15112
6921
6922
6923
6924
6925
6926
15119
15120
15122
15127
15128
15129
15130
15131
15132
6941
6942
15135
15136
15138
15139
15140
1158
15142
15143
1122
15145
6954
6955
15148
15149
6958
15151
15152
6961
6962
6963
6964
2414
6966
1161
6968
6969
15162
15163
8557
15165
15166
15167
15168
10720
6978
1163
15172
15173
15174
15175
391
15181
1165
15185
2531
1166
6998
15191
15192
15193
7002
15195
15196
7005
15198
9235
1168
15203
7012
15205
5265
15210
15211
15213
15214
11220
5775
7030
7032
14783
3903
7038
5269
1871
1174
12922
3905
7049
11940
7053
7054
14829
7056
9368
7058
7061
7063
7066
7067
7068
7069
7070
7071
15264
15267
10874
7080
1180
15274
15275
15276
15277
15278
15279
9374
8684
7098
8147
15295
5280
7106
7107
7108
15301
15302
7111
15304
7113
7114
7115
7117
7118
2552
15317
15318
6594
7128
7129
7130
7131
7132
7134
15327
15328
15329
7138
7139
15332
15333
6040
15335
15337
15338
15339
15340
15341
15343
15345
15346
12115
7158
1193
15354
15361
15362
15363
15366
15367
15369
15371
5149
7182
5293
7185
15382
15383
7140
7193
11969
13487
12122
15390
7202
7203
7204
7205
7206
15399
7208
7209
10759
7212
7213
7214
7215
6664
1877
3241
12127
7228
7230
7231
7232
7233
7234
7235
7236
7237
12129
3938
7248
12132
7260
7261
3941
7264
7265
7266
7267
7270
7271
7272
7273
3943
5613
12241
13859
7282
6676
5311
7335
4880
7296
6678
7305
7306
7307
7311
7313
7314
15507
7318
7319
7321
6268
2426
7326
7330
7331
7332
7333
7334
15527
7336
5427
7338
7339
7340
15533
1881
7343
7345
7346
7347
7352
15545
7354
663
7356
7357
3791
7359
7360
7361
15554
5323
15557
5324
7370
15161
4289
7380
15574
15575
2596
9423
3792
7396
15589
15593
15595
5702
9521
15598
15599
15602
9427
15606
15607
15609
7419
15612
15613
7422
1237
7424
7425
7426
2603
7428
7429
7430
7431
7432
2604
7434
7435
7436
7437
7439
7440
7441
7442
7443
7444
7445
7446
7447
10068
13252
7452
9434
7454
7455
7456
7459
7460
7463
7464
7465
7466
7467
7468
7469
7470
15663
7472
7473
11160
7482
7484
7485
7487
7488
8615
9524
2615
3523
13616
10808
7033
13539
3796
13889
11172
1141
10616
14435
9446
3171
10889
10252
8083
5353
7551
7552
7555
7556
7557
2625
5356
13705
7564
2626
11507
7569
7571
7574
7575
11709
7578
7579
7584
7585
7586
7587
7588
13553
6727
7596
7597
12189
10824
10798
7603
7604
15529
10619
12192
8365
12193
7626
7627
7628
12194
7630
7632
5368
7635
7637
5369
7640
10620
7642
10831
7646
7647
7648
7649
7650
7652
7656
10075
7659
7661
7662
7663
7664
7665
7666
7667
7668
7669
13076
7671
7673
7675
7676
7677
7680
7681
7682
7683
7684
6284
5377
7688
7689
7690
14612
5378
7696
10840
7698
13077
7701
7702
7703
12207
10895
7713
11205
7715
7716
7717
7718
7719
7720
7721
7722
5383
7724
7725
9532
12157
7742
7743
7744
7746
5671
9484
1293
6380
14443
7766
13290
7768
1295
7772
2661
3229
7782
5393
5394
7790
8125
2664
5395
6761
9492
7802
7803
4897
4823
3806
7811
4218
7817
10854
7822
7823
7825
7353
7834
7835
7836
5402
3807
7839
7840
7841
7842
7843
7844
7845
7846
7847
7848
7849
7851
6770
7855
7856
7858
7859
7860
7862
7863
7866
7869
7870
5408
7874
7875
11719
7881
7670
7885
5411
6264
7899
7901
7902
7904
7905
2683
7908
1318
13084
7911
7913
1319
7916
7921
7922
7923
7924
7925
7926
7927
7931
10582
7943
13612
7947
1083
6266
7960
7962
8994
14388
10885
10364
1328
13086
7909
7976
7085
6436
2175
1330
7982
7987
7990
7991
7992
5428
7997
7998
9525
10564
1903
8004
8005
8006
8450
1335
10893
8016
9528
8018
12259
8022
8023
8024
8026
8027
8028
1339
8036
13361
8038
8040
8041
8042
8167
8045
8047
8048
8049
8051
8052
8053
8054
8055
8057
8058
8059
8061
1344
8072
1346
13908
8082
1347
8084
8085
8086
11074
8088
8090
13090
8093
1349
8097
8098
2179
8103
8106
8108
8111
8114
10363
8117
8119
13091
8123
1354
8126
8127
6241
2720
2180
9547
3544
4086
8134
8037
8138
8139
8141
8142
8143
8145
14183
11728
8152
8153
8156
2181
8162
8163
8164
8165
8166
5457
6273
12002
8170
10919
5458
8174
10365
5630
11729
3000
15330
13093
10638
15017
13652
8186
2730
13653
