2048
6
7
8
9
10
2059
19
2393
2073
2077
2082
2083
2088
2090
2102
2103
2058
2110
64
65
2114
2116
2117
2118
71
2120
2121
2122
78
80
2132
2133
86
87
92
93
2142
97
98
99
103
2152
2159
117
119
2168
134
135
2186
2187
2189
2190
151
152
2119
156
157
158
160
161
167
168
2219
2220
2221
2223
176
2226
2228
2230
183
347
2235
188
189
373
2240
2244
2245
2249
2250
2252
2261
2265
2275
2277
2279
2280
233
234
2286
2287
2291
2292
246
248
249
252
253
255
256
2308
2309
2312
2325
2331
2332
2333
2335
2336
2337
2343
2439
392
2358
2359
2360
2363
2364
2370
2375
397
340
341
342
2391
2392
345
2394
2395
348
349
353
694
62
2438
391
2440
393
394
395
66
402
403
404
409
2458
2461
2462
2463
2464
2465
2466
2467
2468
2801
425
426
427
428
429
430
431
2480
433
434
435
436
437
73
74
449
450
2499
452
453
454
455
456
457
462
463
464
2513
467
2524
2525
2529
2530
2531
2536
2541
2543
2544
2548
2550
2552
505
507
508
510
515
2134
519
520
525
526
1795
540
2589
2592
2595
94
573
575
576
582
583
584
585
2146
2638
2640
2644
2646
599
602
2655
2656
2657
2665
2666
2151
2673
2679
637
638
640
2689
647
649
650
651
2700
653
451
661
665
666
669
2728
2729
2730
2734
2736
2739
2740
2742
2744
2745
2746
2747
2748
2749
2750
712
713
714
715
120
724
725
728
729
736
737
748
2798
753
755
2812
2813
2814
2815
770
773
774
782
787
788
789
791
793
794
795
2859
2861
2862
2863
817
818
2871
2876
836
838
2888
841
2890
843
844
845
846
2896
2897
850
851
852
861
862
863
2913
869
870
873
874
875
876
877
878
842
1008
1009
1014
1027
1036
1037
1038
1040
1041
1042
1117
1118
1119
1120
1121
1129
1131
1134
1137
1138
1142
1143
1144
1145
1146
1147
1149
192
1156
1157
1160
1161
1162
1163
1165
1166
1171
1176
1177
1184
1185
1186
1188
2588
1194
1196
1197
1198
1212
1213
1217
1218
1239
1242
1243
1249
1252
1253
1254
1255
1256
1260
1261
1262
1303
1317
1322
1340
1345
1347
1353
1359
1360
1363
1364
1365
1366
1367
1371
1372
1373
1374
1375
1377
1378
1379
1380
1381
1382
1383
1385
1391
1392
1394
1397
1415
1418
1420
1422
1423
1424
1427
1428
1430
1432
1433
1436
1439
1440
1442
1447
1448
1449
1450
1451
1452
1453
1458
1460
1461
1463
1464
1465
1466
1467
1469
1471
1473
1498
1500
1506
1508
1585
1586
1587
1591
1597
1599
1601
1602
1604
1607
1609
1610
1611
1613
1628
1629
1635
1637
1638
1643
1644
1645
1653
1664
1665
2667
1669
1670
1671
1683
1685
1688
1691
1693
1694
1716
1735
1737
1738
1739
1740
1741
1742
1744
1745
1746
1747
1748
1749
1775
1776
1777
1778
1780
1788
1789
1794
2347
1801
1802
1803
1804
1811
1813
1814
1816
1817
1825
1828
1833
1834
1835
1837
1838
1839
1850
1854
1855
1859
1860
1865
1866
1868
1871
1872
1873
1874
1875
1876
1878
1880
1883
1887
1889
1890
1896
1900
1901
1902
1923
1924
1928
1930
1931
1932
1933
1934
1935
1936
1937
1938
1939
1940
1941
1942
1943
1944
1945
1946
1947
1948
1949
1951
1952
1953
1954
1955
1956
1957
1958
1959
1961
1962
1963
1964
1965
1966
1967
1968
1969
1970
1971
1972
1973
1974
1975
1976
1979
1980
1986
1987
1994
1995
2003
2009
2010
2012
2018
2019
2020
2021
2022
2023
2024
