1537
2
5
6
1031
1544
1033
522
12
525
14
527
1966
23
24
25
1051
1052
1053
1808
31
551
552
7
558
559
48
49
564
521
2105
1083
1085
1599
1089
1090
1603
68
1605
1608
1604
2123
1612
1613
2127
2128
1617
1110
1721
1112
1113
1114
1628
1117
1118
784
2049
1125
321
2339
619
628
632
313
1265
1334
1157
141
142
1169
2204
2033
2207
2209
1698
1699
677
1308
682
683
175
1714
1715
1716
1207
185
1722
2235
2237
1731
2244
198
199
1933
202
717
1742
2253
1747
2254
726
731
223
1249
2326
1252
741
1254
231
232
236
206
242
1271
250
1276
766
255
1287
1793
263
1288
265
1803
782
272
785
1811
2324
2325
1302
284
1629
1311
290
803
804
805
1831
1321
1836
813
1326
303
816
305
819
310
311
1588
314
1851
318
319
832
833
322
835
2372
2373
327
841
842
1335
1741
847
848
1034
1875
1876
1858
1849
1885
1253
2228
145
2414
1392
1393
1906
371
1909
376
1913
1914
1343
1532
1921
1925
1857
2443
396
1421
1423
320
1941
2455
2457
1434
2031
1438
2117
1440
1520
2444
423
1960
2034
430
1456
1457
1458
1459
2462
441
443
13
1982
2496
961
962
587
2124
247
2210
2512
2518
2011
2525
1503
1504
1360
1431
2534
1511
1738
489
1518
1519
496
1521
1522
499
1943
506
2032
508
