4
6
11
17
18
19
20
21
22
23
24
25
26
27
28
29
30
31
32
33
34
35
36
37
40
41
42
43
44
45
46
51
52
53
54
55
56
57
67
69
71
72
73
74
75
76
79
80
82
85
86
88
89
90
91
92
93
94
95
98
101
103
104
105
106
114
115
122
129
137
138
139
140
141
143
144
145
146
148
149
150
151
152
154
155
156
158
216
254
257
258
259
260
261
262
263
264
265
266
273
274
275
276
277
278
279
280
281
282
283
285
295
296
304
305
306
307
308
310
311
312
315
316
320
323
325
326
327
328
329
330
331
332
333
334
335
336
337
338
339
340
347
349
350
351
352
353
354
356
357
358
360
361
362
363
364
369
370
373
374
377
390
392
393
397
399
402
403
404
405
406
416
417
419
420
430
432
433
434
435
444
445
447
448
463
464
465
466
467
477
478
479
480
481
482
484
485
486
487
488
497
498
501
502
504
505
506
507
508
509
510
511
512
513
514
516
517
521
522
524
527
528
530
531
540
542
543
550
552
553
555
556
557
558
559
560
563
564
571
757
758
759
760
761
762
763
765
766
767
770
771
772
773
774
779
780
781
782
784
785
786
787
788
795
797
798
801
803
805
806
807
812
813
814
815
816
817
818
819
820
821
822
831
832
834
835
840
841
845
846
856
857
859
860
861
862
863
864
865
866
867
868
869
876
877
878
879
880
887
952
953
954
955
956
957
958
966
971
972
995
996
997
998
999
1000
1005
1006
1008
1009
1011
1012
1013
1014
1016
1017
1018
1019
1020
1021
1022
1023
1024
1025
1026
1027
1028
1035
1040
1041
1049
1051
1061
1062
1070
1071
1077
1082
1083
1084
1085
1086
1087
1088
1089
1090
1091
1094
1096
1098
1099
1100
1101
1102
1103
1106
1107
1109
1114
1118
1119
1123
1124
1125
1130
1140
1141
1143
1148
1153
1174
1194
1200
1205
1207
1208
1209
1210
1211
1216
1217
1218
1219
1220
1222
1225
1230
1231
1232
1235
1236
1270
1271
1294
1327
1329
1330
1333
1335
1336
1338
1339
1340
1345
1346
1347
1359
1360
1576
1925
2059
2061
2063
2064
2065
2066
2068
2070
2071
2072
2073
2075
2077
2083
2084
2085
2087
2088
2089
2091
2092
2093
2095
2096
2097
2101
2103
2105
2108
2111
2116
2117
2122
2123
2137
2138
2144
2146
2149
2150
2151
2212
2261
2262
2266
2274
2279
2281
2282
2284
2285
2286
2287
2291
2292
2293
2294
2296
2297
2299
2302
2310
2312
2313
2315
2316
2317
2322
2327
2328
2330
2331
2332
2333
2334
2335
2336
2337
2338
2343
2347
2356
2357
2359
2360
2361
2362
2363
2364
2365
2368
2369
2370
2371
2372
2373
2390
2391
2395
2397
2398
2400
2401
2403
2404
2405
2407
2409
2414
2417
2420
2424
2427
2433
2434
2439
2440
2449
2452
2455
2457
2458
2459
2460
2462
2464
2465
2469
2470
2481
2487
2488
2489
2490
2492
2493
2494
2495
2496
2497
2499
2500
2501
2502
2503
2505
2507
2508
2510
2514
2515
2516
2517
2518
2519
2520
2521
2522
2523
2524
2525
2526
2527
2529
2530
2531
2532
2533
2534
2535
2536
2537
2539
2542
2543
2544
2545
2548
2553
2554
2555
2556
2557
2558
2559
2560
2561
2574
2575
2576
2577
2578
2586
2594
2602
2603
2604
2609
2610
2613
2614
2615
2616
2617
2618
2620
2622
2623
2624
2625
2626
2628
2629
2630
2631
2632
2633
2634
2635
2636
2640
2642
2643
2644
2646
2649
2651
2652
2653
2654
2656
2666
2667
2677
2678
2682
2683
2684
2685
2686
2689
2690
2692
2693
2694
2702
2704
2707
2709
2710
2711
2712
2715
2716
2717
2718
2719
2721
2722
2723
2724
2729
2730
2731
2732
2733
2734
2735
2738
2739
2740
2741
2745
2746
2748
2749
2751
2755
2756
2757
2758
2761
2763
2764
2766
2768
2769
2775
2784
2788
2789
2796
2799
2800
2801
2802
2804
2805
2807
2808
2809
2811
2812
2813
2814
2815
2817
2818
2819
2820
2821
2822
2824
2825
2826
2828
2830
2831
2833
2834
2835
2836
2837
2838
2839
2840
2841
2842
2843
2844
2846
2848
2849
2850
2851
2852
2855
2859
2860
2862
2863
2864
2865
2866
2867
2869
2870
2874
2876
2877
2878
2879
2880
2882
2883
2884
2885
2886
2887
2888
2889
2890
2891
2898
2899
2900
2902
2906
2907
2908
2909
2910
2913
2916
2920
2923
2924
2925
2926
2927
2928
2929
2932
2935
2940
2941
2942
2943
2945
2946
2950
2951
2953
2954
2959
2960
2961
2966
2967
2971
2972
2973
2977
2981
2982
2983
2988
2990
2994
2995
2996
2997
3000
3004
3005
3006
3009
3010
3011
3012
3013
3014
3015
3016
3017
3018
3019
3020
3021
3022
3023
3024
3025
3026
3027
3028
3029
3031
3032
3033
3034
3035
3036
3037
3038
3039
3040
3041
3042
3043
3044
3045
3046
3047
3048
3049
3050
3051
3052
3053
3054
3055
3056
3057
3058
3059
3060
3061
3062
3063
3064
3065
3066
3067
3068
3069
3070
3071
3072
3079
3081
3082
3084
3086
3088
3089
3091
3098
3099
3100
3101
3102
3106
3112
3116
3118
3126
3128
3129
3130
3132
3133
3134
3136
3137
3138
3139
3140
3141
3142
3146
3148
3149
3150
3151
3152
3154
3155
3159
3161
3163
3164
3165
3166
3168
3169
3170
3171
3172
3173
3174
3175
3176
3177
3178
3179
3180
3181
3182
3183
3185
3186
3190
3191
3198
3201
3202
3203
3204
3205
3206
3209
3210
3211
3213
3215
3216
3219
3224
3225
3228
3233
3234
3235
3236
3263
3265
3268
3269
3273
3275
3276
3279
3280
3281
3282
3283
3309
3321
3323
3326
3335
3336
3337
3338
3340
3341
3342
3343
3351
3354
3355
3356
3357
3360
3361
3364
3366
3369
3370
3374
3376
3385
3389
3390
3391
3392
3393
3394
3395
3396
3397
3398
3400
3401
3402
3403
3404
3405
3406
3407
3408
3410
3412
3415
3416
3426
3427
3429
3433
3434
3438
3439
3440
3441
3443
3445
3446
3449
3451
3453
3454
3456
3457
3458
3460
3472
3486
3487
3489
3504
3506
3507
3526
3528
3529
3532
3533
3534
3536
3540
3541
3542
3543
3544
3547
3549
3554
3555
3558
3560
3561
3563
3564
3565
3566
3567
3568
3569
3570
3573
3574
3575
3577
3578
3582
3584
3585
3586
3587
3588
3589
3590
3592
3594
3595
3596
3598
3599
3605
3606
3607
3608
3609
3610
3612
3613
3614
3616
3617
3618
3620
3621
3622
3623
3624
3625
3627
3629
3631
3632
3633
3635
3636
3637
3640
3641
3642
3652
3653
3654
3655
3656
3657
3668
3670
3671
3672
3673
3674
3675
3676
3677
3681
3682
3683
3684
3688
3689
3693
3694
3696
3698
3699
3700
3701
3702
3703
3705
3708
3710
3712
3717
3718
3719
4000
4274
4281
4282
4283
4296
4305
4306
4315
4316
4317
4318
4320
4321
4322
4325
4326
4328
4329
4330
4332
4333
4335
4337
4338
4339
4341
4343
4344
4345
4352
4353
4363
4365
4369
4370
4371
4379
4381
4382
4383
4384
4385
4388
4390
4391
4397
4403
4404
4414
4415
4416
4417
4418
4419
4420
4421
4423
4424
4426
4427
4428
4429
4430
4431
4437
4438
4439
4440
4442
4443
4444
4449
4450
4451
4454
4455
4458
4460
4464
4465
4466
4468
4469
4473
4474
4475
4476
4477
4478
4479
4480
4481
4482
4483
4484
4485
4486
4487
4488
4489
4491
4492
4493
4494
4495
4496
4497
4498
4499
4500
4501
4502
4503
4504
4505
4506
4507
4508
4509
4511
4512
4513
4514
4515
4516
4517
4518
4520
4521
4522
4526
4527
4528
4529
4530
4531
4532
4533
4534
4535
4536
4537
4538
4539
4540
4541
4542
4543
4544
4545
4546
4548
4550
4551
4555
4556
4557
4558
4559
4560
4561
4562
4563
4564
4565
4568
4569
4570
4571
4574
4575
4576
4578
4584
4589
4591
4596
4602
4603
4612
4613
4615
4616
4617
4640
4642
4643
4645
4646
4647
4648
4650
4665
4667
4668
4669
4670
4671
4672
4680
4681
4682
4684
4685
4686
4691
4692
4694
4696
4700
4712
4713
4714
4718
4720
4721
4722
4724
4725
4726
4727
4731
4732
4737
4738
4739
4741
4743
4744
4748
4749
4751
4752
4754
4755
4756
4757
4758
4761
4762
4764
4766
4767
4768
4772
4773
4777
4778
4792
4795
4796
4797
4799
4810
4816
4817
4818
4819
4820
4821
4822
4823
4824
4825
4830
4832
4833
4834
4835
4836
4837
4840
4848
4851
4852
4856
4857
4859
4860
4861
4862
4863
4864
4865
4867
4868
4869
4870
4871
4879
4880
4886
4887
4888
4889
4890
4891
4892
4893
4898
4899
4900
4901
4909
4910
4911
4912
4925
4926
4927
4928
4929
4930
4931
4932
4933
4935
4940
4942
4944
4945
4946
4947
4948
4949
4950
4951
4952
4953
4955
4956
4959
4962
4964
4965
4972
4973
4974
4982
4983
4984
4985
4987
4988
4989
4990
4991
4993
4994
5000
5001
5002
5014
5015
5018
5020
5021
5022
5023
5024
5025
5026
5027
5028
5029
5030
5034
5035
5036
5037
5038
5039
5040
5041
5042
5043
5044
5045
5046
5047
5048
5049
5050
5051
5052
5053
5054
5055
5056
5057
5058
5059
5061
5062
5063
5064
5065
5066
5067
5068
5069
5070
5071
5072
5073
5074
5075
5076
5077
5078
5079
5080
5081
5082
5083
5084
5085
5086
5087
5088
5090
5092
5093
5099
5104
5105
5106
5109
5110
5111
5115
5117
5118
5122
5124
5125
5128
5129
5133
5137
5138
5141
5142
5143
5147
5149
5150
5151
5152
5154
5155
5158
5164
5165
5177
5187
5189
5190
5214
5219
5222
5225
5230
5231
5232
5236
5239
5241
5246
5247
5250
5251
5252
5253
5257
5258
5260
5261
5266
5268
5271
5272
5273
5274
5275
5276
5279
5280
5281
5282
5284
5286
5287
5290
5294
5295
5296
5297
5298
5300
5301
5303
5304
5306
5307
5310
5312
5313
5318
5319
5322
5351
5355
5394
5395
5396
5398
5399
5410
5415
5418
5419
5422
5423
5424
5425
5426
5427
5429
5430
5432
5434
5435
5440
5441
5442
5443
5444
5445
5446
5448
5450
5451
5452
5453
5454
5457
5458
5459
5462
5470
5471
5472
5473
5474
5475
5476
5477
5478
5479
5480
5482
5483
5484
5485
5488
5489
5494
5495
5499
5500
5503
5504
5506
5507
5510
5511
5512
5513
5514
5515
5516
5517
5518
5519
5520
5521
5522
5523
5524
5527
5530
5531
5532
5533
5534
5535
5536
5537
5538
5633
5634
5635
5636
5642
5645
5647
5652
5657
5660
5661
5663
5665
5666
5668
5669
5670
5673
5675
5679
5680
5681
5682
5683
5684
5685
5687
5688
5692
5693
5694
5695
5697
5698
5700
5701
5702
5703
5704
5705
5709
5710
5711
5715
5718
5719
5726
5731
5732
5737
5738
5739
5740
5741
5742
5743
5744
5745
5746
5747
5748
5749
5750
5751
5752
5753
5754
5755
5756
5757
5758
5759
5760
5761
5762
5763
5764
5765
5766
5767
5768
5769
5770
5771
5773
5774
5775
5776
5777
5778
5779
5780
5781
5782
5783
5784
5785
5786
5787
5788
5789
5790
5791
5792
5793
5794
5807
5808
5809
5810
5811
5812
5813
5814
5815
5816
5817
5818
5819
5820
5821
5822
5823
5825
5827
5828
5829
5830
5831
5832
5833
5834
5835
5836
5837
5838
5840
5841
5842
5843
5844
5845
5846
5847
5848
5849
5850
5851
5852
5853
5854
5855
5856
5857
5858
5859
5860
5861
5863
5864
5865
5866
5867
5868
5869
5870
5871
5872
5873
5874
5875
5876
5877
5878
5879
5880
5881
5882
5885
5886
5887
5888
5889
5890
5891
5892
5893
5894
5895
5896
5897
5898
5899
5900
5901
5902
5903
5904
5905
5906
5907
5908
5909
5910
5911
5912
5913
5914
5915
5916
5917
5919
5920
5921
5923
5927
5928
5930
5931
5933
5934
5937
5939
5958
5959
5960
5961
5962
5963
5964
5965
5966
5967
5976
5977
5978
5979
5981
5982
5985
5986
5987
5988
5990
5991
5996
5997
5998
5999
6002
6003
6004
6006
6007
6008
6009
6010
6012
6013
6014
6018
6020
6022
6023
6025
6028
6029
6031
6032
6033
6034
6035
6036
6038
6039
6040
6042
6045
6046
6047
6048
6049
6050
6054
6056
6057
6058
6064
6067
6068
6071
6072
6076
6080
6081
6083
6084
6090
6092
6095
6097
6099
6100
6101
6175
6211
6212
6215
6222
6223
6230
6232
6238
6239
6241
6242
6243
6253
6257
6259
6261
6263
6264
6283
6284
6286
6288
6291
6292
6301
6302
6305
6306
6308
6309
6388
6389
6396
6397
6398
6400
6403
6405
6406
6408
6410
6413
6416
6417
6418
6419
6420
6421
6423
6424
6425
6426
6427
6428
6429
6430
6431
6432
6433
6443
6445
6448
6449
6450
6451
6453
6454
6455
6489
6492
6493
6494
6495
6496
6497
6542
6544
6546
6547
6548
6549
6550
6552
6553
6554
6558
6559
6560
6563
6566
6567
6568
6569
6570
6571
6573
6574
6582
6583
6584
6586
6587
6588
6594
6598
6601
6602
6604
6605
6606
6607
6610
6611
6612
6613
6614
6615
6618
6626
6630
6631
6632
6633
6640
6641
6644
6645
6650
6656
6657
6658
6659
6664
6666
6667
6673
6674
6677
6678
6691
6696
6700
6706
6712
6713
6716
6729
6730
6731
6732
6735
6736
6737
6738
6740
6741
6742
6743
6745
6747
6748
6749
6750
6751
6752
6758
6759
6760
6761
6762
6763
6764
6765
6766
6767
6768
6769
6771
6772
6773
6774
6775
6778
6782
6783
6784
6808
6809
6810
6811
6812
6813
6816
6820
6823
6824
6825
6838
6839
6840
6841
6842
6843
6844
6846
6847
6850
6853
6857
6858
6859
6861
6863
6864
6865
6867
6868
6869
6870
6874
6875
6876
6877
6878
6879
6880
6887
6900
6901
6904
6905
6908
6909
6911
6921
6922
6923
6924
6925
6926
6927
6928
6929
6930
6931
6932
6933
6934
6935
6936
6938
6940
6948
6978
6985
6986
6987
6988
6989
6991
6992
7005
7006
7008
7009
7013
7016
7017
7018
7019
7020
7021
7022
7023
7024
7025
7028
7031
7032
7033
7034
7037
7039
7040
7043
7047
7048
7049
7050
7053
7059
7064
7070
7073
7074
7077
7111
7112
7113
7114
7115
7125
7126
7127
7131
7132
7135
7137
7138
7139
7140
7141
7142
7143
7147
7148
7149
7150
7165
7166
7169
7174
7176
7177
7181
7182
7183
7184
7185
7186
7188
7190
7191
7192
7196
7197
7198
7199
7200
7203
7204
7205
7208
7209
7213
7214
7215
7218
7219
7220
7221
7225
7231
7232
7233
7234
7235
7238
7239
7240
7245
7249
7250
7251
7252
7253
7255
7256
7257
7258
7264
7265
7266
7267
7268
7270
7277
7286
7288
7289
7295
7296
7298
7299
7300
7302
7304
7305
7306
7311
7314
7315
7316
7317
7318
7319
7320
7321
7323
7324
7327
7330
7331
7332
7333
7347
7349
7350
