2048
2050
3
2054
2055
9
2058
2059
2060
2063
2064
17
18
26
29
2080
2081
2083
40
2090
2091
44
52
54
57
58
11
68
69
71
73
74
88
89
15
103
104
2155
109
2158
111
114
2164
2169
123
126
2176
2177
2178
2181
134
135
137
139
2188
142
143
144
146
153
154
159
165
2219
2220
2221
2223
178
186
187
2236
192
2247
2250
7
217
225
228
246
42
260
263
273
274
301
302
313
345
351
352
366
375
376
379
382
383
384
410
413
414
416
419
420
421
423
426
427
428
429
430
432
433
435
436
451
453
455
458
466
477
481
482
484
485
488
490
497
498
499
524
525
526
527
528
529
541
553
584
589
596
600
601
606
608
618
626
636
640
657
659
110
2159
680
681
684
685
688
695
698
700
704
705
706
710
712
723
725
726
731
732
735
736
737
738
744
747
748
749
758
761
781
794
133
801
804
806
807
808
812
813
816
841
846
852
854
855
856
857
858
873
877
886
889
891
893
894
910
911
923
924
931
941
942
949
950
956
963
966
967
968
969
978
1029
172
173
1048
1056
1058
1065
1067
1068
1079
1083
1085
1087
1094
1115
2235
1151
1155
1158
1159
1160
1164
1167
1169
1171
1172
1173
1174
1179
1180
1188
1192
1201
1223
1224
1239
1240
1274
1278
1344
1345
1419
1421
1425
1426
1427
1428
1430
1441
1478
1479
1491
1505
1518
1534
1535
1548
1558
1565
1576
1577
1578
1589
1592
1594
1596
1600
1601
1603
1605
1612
1617
1618
1627
1630
1631
1637
1638
1648
1665
1666
1671
1691
1698
1740
1741
1746
1748
1781
1784
1788
1795
1802
1803
1823
1827
1855
1861
1862
1880
1882
1886
1887
1888
1910
1912
1915
1916
1919
1920
1921
1922
1924
1926
1928
1954
1985
1987
1988
1994
1996
2009
2011
2015
2016
2018
2025
2026
2033
2037
2040
2046
