2048
4097
2
2051
4101
4102
9
2058
2059
2060
2061
2062
15
2064
2065
2066
2067
2068
1710
22
23
24
25
26
27
1814
30
31
32
33
37
38
40
2091
2092
2094
2095
55
57
5731
66
69
70
71
72
74
76
80
83
4183
95
96
97
17
104
109
114
19
1504
20
4221
4222
21
2179
2180
140
141
143
2199
2200
4252
2207
2209
4258
2211
164
2213
168
169
2218
2219
172
4269
2222
2223
2224
2228
4126
4278
2232
2234
4284
2237
2238
2240
2243
2244
2245
2248
2249
2250
2251
2252
205
206
1507
4305
211
5838
2262
2263
2265
2266
2267
2268
2270
2271
2272
2273
2274
2278
2279
2281
2282
2283
2284
2285
2286
2287
2290
2291
2292
2293
2294
2295
2296
2297
2298
2299
2300
2301
2304
3009
5846
2311
2312
2313
2315
2316
2317
270
271
5848
2322
276
2325
2326
2327
2328
2329
2332
2333
2334
2337
2340
2341
2342
2343
2344
2345
2348
2351
304
2353
2354
2355
2356
2359
2361
2362
2363
2364
2365
4414
2367
2368
2370
2371
3966
4427
2380
334
2057
2446
344
2394
2395
2398
2400
2401
2404
5331
2408
2409
2411
2412
2415
2416
5864
375
376
377
383
2433
2436
2437
2438
2445
398
402
405
406
407
409
414
415
4517
422
424
427
430
431
433
436
439
2488
441
442
2491
2499
2500
459
460
461
462
463
464
465
466
467
468
469
5540
2522
479
3152
488
489
490
493
494
496
502
503
509
510
4607
4613
4617
522
4619
4620
527
2576
2577
530
2579
532
533
4634
543
544
545
546
547
2596
549
554
556
3557
5918
4657
4658
4665
4670
575
4673
4674
5563
4710
4711
2664
4715
786
4720
4726
3860
5545
642
643
5910
5569
4887
653
656
3865
668
669
18
4783
4789
5842
1824
2760
5922
5924
4830
4831
4832
4833
4834
4835
5588
3542
4878
4880
4881
4882
4883
4884
4885
4886
2839
4889
4890
1839
4892
2847
1840
4898
1499
4900
4901
806
4905
4906
4907
4909
4910
1501
5256
2866
2867
2868
826
829
830
5941
833
834
837
838
1506
5603
5604
4959
882
883
885
886
887
888
1857
2965
5015
2974
2975
5027
5032
5033
5034
5036
2993
2838
5278
3001
3008
961
3010
1328
511
1000
5557
2352
5108
5109
1014
1015
4671
2559
5290
2220
2221
3088
3094
1047
5146
4271
5159
3118
5170
182
5191
5192
5193
5197
5198
5199
5200
5201
5202
5203
5204
5205
5206
5207
5208
5211
5212
5213
5216
5217
5218
5219
5220
5221
5223
5224
5225
5226
5228
2578
3189
5240
5242
3196
1898
3208
3211
4413
5265
5266
5272
3225
3229
3230
1508
1188
3238
3242
5291
1206
1207
1210
1212
1213
1216
1218
5316
1221
1222
1224
1225
1226
5323
1228
1231
1232
5329
1234
1235
1236
1237
1238
1239
1240
1241
1242
1243
1244
1245
1246
1247
1250
1233
1256
1260
5330
1264
1265
1266
1267
1268
1269
1270
1272
5332
1274
1276
1279
1280
1283
1286
1289
1290
1291
1292
1293
1294
1297
1298
1299
1300
1302
1303
1304
1305
1307
1310
1311
1312
1316
1317
1320
220
5422
1327
3863
1336
1337
1338
1344
5442
1347
5446
1352
1353
1354
1355
1356
1362
1363
1364
1365
1366
1368
1375
1379
5478
5479
1387
1388
1389
1390
1396
1398
5496
5497
1403
1404
5503
1413
1419
1420
1421
1422
1423
1425
1427
1429
1430
1432
1434
1436
1437
1439
1440
1441
1442
1444
1445
1446
1447
1449
1455
1456
1457
5554
1459
1460
1461
1462
1463
1467
5566
3521
1475
1479
1481
1482
5579
1484
1486
1487
1488
1489
1490
1492
5589
5590
5591
5592
5593
5594
5595
5597
5598
5599
5600
5601
5602
3555
3556
1509
1512
5609
1346
1517
1519
5853
1522
1531
1532
1533
1534
1536
1537
1542
1545
1554
1555
1557
1560
1564
1570
5917
1573
1575
1578
1579
1583
1585
1586
1588
1590
1591
1593
5690
5698
1612
2261
5711
1617
2236
2318
1623
4623
1626
1628
5728
1633
1634
1635
2321
1643
1646
1649
1650
1651
5748
5749
1655
2575
1660
1661
1662
1663
1664
1665
1666
1667
1669
1670
1671
1672
1673
1674
1675
1678
1682
1684
1685
1686
1687
1688
1689
1690
1691
1692
1693
1694
1698
1699
1700
1701
1705
1706
1707
1708
1709
5806
1714
5747
1717
5814
1720
1652
1723
1724
1725
1726
1729
1731
1734
1740
1741
1742
1743
1744
1746
1747
1748
1749
1750
5847
1752
1753
1754
1755
1756
1757
1759
1760
1762
1763
1764
1765
1766
1767
1768
1773
1774
1775
1776
1777
1779
1780
1785
1786
1788
1789
1790
1796
1797
1798
1799
1800
3854
3855
3857
3858
3859
1812
1813
3862
1815
1816
1817
1818
1819
1820
1821
1822
5919
5920
1825
1826
1827
1828
1829
1830
1831
1832
1833
1834
1835
1836
1837
1838
5935
5936
1841
1842
1843
1844
1845
1846
1847
1848
1849
1850
1851
1852
1853
1854
1855
5953
1858
1859
1861
1863
1865
1866
1867
1868
1869
1870
1871
1872
1873
1874
1875
1878
1888
1889
1890
1891
1892
1893
1894
1895
1896
1897
3946
1899
1900
1901
1902
1903
1904
1905
1906
1907
1908
1909
1910
1911
1912
1913
1914
1915
1916
1918
1919
1920
1921
1922
1923
1924
1925
1926
1927
1930
1932
1933
1934
1935
1936
1938
1939
1940
1941
1943
1944
1945
1947
1949
1497
1350
1996
5796
2010
2011
5797
4067
4069
4079
204
5801
2047
