2
2051
4
6
7
8
9
11
2062
2063
2064
17
2066
2068
6167
6168
6169
6170
6171
6172
6173
2078
6177
6179
6180
2086
2087
2088
2089
6186
6191
2098
6198
6204
6205
2111
2457
2113
2114
2115
2116
2117
6214
2119
2120
2122
1247
79
2129
2130
6231
6232
2137
90
91
92
1040
2146
99
6246
6247
6249
107
108
6255
6257
6258
6259
2166
2167
2168
121
122
6268
6269
2174
127
6272
6273
1501
6278
2183
2184
152
2203
687
2206
2757
2209
2210
2211
171
2221
2226
2227
6174
3138
1396
2241
2253
208
2259
2261
2262
2263
2267
2270
2271
2273
2274
2275
2278
2281
2289
2290
2291
2292
2293
2294
6185
2296
2297
2298
2090
2302
2304
2306
2307
2308
262
2315
2316
2318
2319
2322
2435
277
278
279
280
2436
2331
2332
2333
1987
2337
2344
2348
2350
902
2353
2355
2356
2357
2358
2359
315
316
317
319
320
2372
2102
329
330
1079
332
333
2382
2383
2384
337
340
341
342
346
347
2396
350
351
353
2405
2406
2407
2408
366
367
370
2431
2433
2434
387
388
389
2438
2439
2440
2445
408
6211
2452
2453
2454
2455
2456
6212
6007
412
413
6213
1173
1094
425
2475
2476
2483
901
2489
5743
1951
2498
454
455
457
2509
2510
2512
2514
2516
2517
2518
2520
2607
2522
2523
2525
2526
2527
2532
2533
2534
487
488
2538
495
2545
498
2552
505
2554
512
2561
515
516
517
518
2568
2569
2570
2135
2572
2573
1981
2576
2577
2578
2580
2609
535
2584
2585
2590
2594
2595
2596
549
551
2600
2601
554
555
2604
2605
2606
559
2608
561
563
2612
565
566
568
2617
2618
2619
572
2622
2623
2624
2627
2628
582
584
585
2634
588
589
590
2639
2640
440
2952
2643
2646
2647
2648
2649
2831
604
605
607
610
2659
613
616
2670
2671
624
625
626
2675
628
2677
2679
2680
2690
1709
3180
2698
652
653
654
5229
656
2706
660
661
2710
2711
2136
665
666
667
670
671
672
5232
2722
683
686
2735
2739
693
694
696
2745
699
700
701
702
706
707
1142
2758
2759
2760
6263
739
742
743
744
1148
2796
751
752
753
6270
2857
6271
810
770
771
779
783
2833
814
2521
793
2846
799
800
2851
2852
2853
809
2858
811
812
2861
2862
815
816
2867
826
827
829
2879
2880
838
839
841
845
846
849
4949
2065
2911
2912
2913
2919
2920
2921
2922
875
2924
877
4974
884
886
887
2936
894
2943
2944
897
900
2949
2950
903
904
907
908
910
912
916
917
918
2967
2968
2971
924
2973
2974
2975
929
933
2982
497
2984
2986
939
5036
5037
5039
5040
945
947
2999
3375
3003
956
3005
5023
3014
504
3029
3030
2553
3032
3039
3040
3042
996
997
2897
3052
5103
5104
5105
1875
3069
3070
3071
3073
3074
3075
3076
1029
1032
3083
1037
1038
3087
3088
3089
1042
1044
1055
1058
1062
1064
1065
1071
5168
5169
1078
3127
1080
3129
1083
1084
3134
3135
1088
1089
1090
1092
1093
3142
1095
1100
1101
1102
1103
1107
3164
3168
3175
3178
5228
3181
5230
3184
1140
1141
3190
3191
1144
1146
1147
5244
1149
5246
3203
876
2583
1168
1169
878
1179
1191
1192
1204
1205
1206
1217
1218
1219
1220
1221
1950
3273
3274
2935
6091
3283
3286
3288
1246
2597
1248
1251
1252
3302
1255
5352
5353
1258
3308
3309
3310
5360
5361
5362
2942
1270
3320
1273
1274
5371
1276
2602
3327
1280
1281
2603
5380
5381
3335
5384
1289
1291
3340
1296
5396
5397
1302
1306
5403
5404
5405
1311
5408
5412
1317
1319
1321
1322
2951
5423
3377
5426
3379
3380
3381
3382
3383
3384
3385
3386
3295
3389
3390
3391
3392
5441
3394
3395
3396
5446
5447
3400
1353
1354
1355
5452
569
3300
6115
571
5451
1386
1392
1683
1257
1401
5354
919
2207
1041
1425
1426
1262
1945
1433
1264
3314
1454
5552
5554
5555
5556
5557
5560
5561
5562
5563
3136
2095
2295
5582
5583
1272
595
1500
3322
5598
5599
5600
1275
1508
1513
1514
936
1522
1523
5370
1279
1535
1536
1537
5634
5035
1540
1542
5377
1544
1548
1965
1552
601
3332
1568
1571
1572
1573
5041
5383
5678
1585
1590
5385
5387
5707
1963
5032
270
1978
1638
5737
5442
5742
957
5744
6078
5754
5398
1673
1675
1676
1677
1678
1679
1680
6083
1685
1686
1688
1988
1690
623
1692
6085
1352
1697
1307
6116
1703
1705
1706
2674
1710
6088
1715
1717
1718
1719
2676
1723
1724
1312
3399
1731
1733
6094
5245
331
2112
2038
2351
3402
6106
5924
5928
5932
5934
6109
1849
5946
5947
5948
1856
5953
1858
5959
1865
5962
5963
2701
5971
1879
1880
5977
1882
2703
5450
6117
5984
3387
1892
813
1894
2859
5995
5996
1902
5999
6000
1905
1906
6003
6004
6006
1911
3044
2709
662
3393
6028
6029
1936
664
5443
1940
1943
1944
1348
1946
6046
2373
1952
1953
1954
1957
1958
1960
6058
6059
1964
6061
5448
6067
2718
6072
2036
6074
1979
1980
6077
134
6082
2379
6084
1989
6086
6087
1992
1993
1994
1995
1997
1998
6095
2003
2005
2007
2008
6105
2010
335
2012
2013
2014
1701
336
2018
2019
2020
2021
2024
2025
2026
2030
2031
6132
6133
6134
2040
