0
1
3
4
5
2054
7
2056
2057
10
11
12
13
14
15
16
17
18
19
20
21
22
23
2072
2052
26
2075
2078
31
32
33
2082
35
6
39
40
41
42
45
46
2095
2096
49
51
56
58
59
60
2058
62
63
64
2114
2115
2116
2117
2118
71
2120
73
2122
2123
2124
2126
79
2128
81
2132
2133
86
87
88
92
93
94
96
97
99
100
101
102
103
104
105
106
107
108
110
111
115
117
118
121
122
123
125
126
127
2177
130
2179
2180
133
2182
137
138
139
2188
141
2190
2191
2192
24
146
147
25
153
2204
2205
2206
162
27
164
165
166
168
171
172
174
2223
2224
2225
178
179
181
2230
2231
184
185
186
187
188
189
190
2239
192
193
194
195
196
2245
2081
2248
201
202
205
206
207
2256
209
210
211
212
213
214
2269
2270
2271
225
226
227
228
2277
230
231
232
233
234
235
236
237
243
2292
2293
2294
2296
2297
2298
252
253
254
255
256
257
258
259
260
261
2312
265
268
269
271
274
2324
2326
2327
2328
282
283
2333
48
290
291
2340
2342
2343
2344
2346
2347
2348
163
2355
2356
2358
2360
313
314
315
316
317
318
319
320
321
322
323
324
325
326
327
328
329
330
332
338
341
344
345
346
347
348
354
355
356
357
358
359
360
361
2109
2110
2111
2112
2195
67
408
409
410
411
412
413
414
416
1121
422
2119
430
431
432
72
437
438
439
440
441
442
443
444
447
448
450
451
453
454
455
456
457
459
460
461
462
465
466
78
2127
479
480
481
482
483
484
485
486
487
491
492
494
496
497
498
499
500
502
509
85
511
512
513
515
516
520
523
524
527
528
529
531
536
537
538
540
541
542
543
544
546
550
551
552
553
554
558
566
567
569
570
574
575
578
579
580
581
583
585
587
590
591
592
593
594
595
596
1806
599
600
619
620
621
622
623
626
628
629
2153
633
636
639
640
642
643
646
647
792
664
666
668
669
670
672
673
678
682
684
685
688
689
690
691
693
694
725
729
730
731
737
1830
743
744
745
747
748
749
750
756
760
761
762
2175
766
771
772
773
775
777
779
781
782
783
784
785
786
131
791
1369
793
794
795
797
798
799
800
801
802
803
134
806
807
808
809
810
812
818
821
822
823
824
825
826
830
833
836
837
838
140
842
844
845
2189
855
857
859
860
861
863
864
865
866
867
868
869
873
874
875
876
2194
879
881
882
883
884
894
903
904
30
911
912
914
916
917
918
921
922
923
924
925
926
927
928
929
932
933
934
935
936
937
938
940
941
942
943
944
946
947
948
949
951
952
953
954
956
959
960
961
979
980
982
983
985
986
991
992
995
996
997
998
1000
1001
1004
1005
1006
1007
1008
1009
1012
1013
1018
1019
1020
1021
1022
1024
1026
1027
1028
1030
1031
1032
1033
1034
1035
1037
1038
1040
1042
1043
1044
1045
1046
1047
1048
1049
1050
175
1052
1053
1055
1057
1061
2080
1063
1064
1065
1066
1069
1070
1072
2121
1080
1084
1085
1091
1092
1093
1094
1095
1096
1097
1098
1099
1107
1108
1109
1111
1116
1117
1119
2083
2285
1129
1130
1131
1132
1133
1134
1135
1136
1137
1138
1139
1140
1141
1142
1143
1144
1146
1147
1148
1149
1150
1151
1152
1153
1154
1155
1156
1157
1158
1159
1160
1161
1163
1164
2242
1166
877
1169
1170
1171
1172
1173
1174
1175
1176
1177
1178
1167
1185
1186
1187
1190
1193
1194
1195
1198
1199
1202
1203
1205
1206
1207
1208
1211
1212
2250
1219
1220
1221
1223
1224
1225
1227
1228
1229
1230
1232
1236
1237
1238
1239
1240
1241
1243
1244
1245
1246
1247
1248
1249
1250
1251
1252
1254
1255
1256
1257
1258
1259
2211
1262
1263
2181
1747
1274
1275
1276
1277
1279
1280
1287
1288
1289
1290
1291
1292
1293
1585
221
222
1375
1351
1352
1353
1461
2274
1358
1359
1360
1361
1362
1363
1364
1367
1368
2276
1370
1371
1373
1374
229
1376
1377
1378
1380
1381
1382
1383
1384
1385
1386
1387
1388
1389
1390
1391
1395
1399
1400
1401
1404
1405
1406
1409
1413
1414
1415
47
1423
1424
1426
1427
1431
1437
1439
1441
1442
1443
1445
1446
1448
1449
1450
1451
1950
1462
1463
1466
1467
1469
1470
1472
1473
1474
1476
1477
1479
1481
1482
1484
1487
1488
1492
1493
1497
1499
1500
1501
1502
1503
1504
1506
1509
1512
1513
1515
1516
1517
1518
1519
1520
1521
1522
1523
1525
2303
1534
597
1536
1540
1542
1546
1547
1548
1549
1551
1556
1561
1562
1563
1564
1566
1567
1572
1573
1574
1577
1579
264
1586
1587
1591
1593
1594
1598
1602
1603
1606
1608
1610
1611
1612
1614
1615
1616
1618
1622
1623
1626
2319
1629
1632
1633
1634
1635
1637
1638
1640
1642
1643
191
1650
1655
1657
1659
1660
1661
1662
1663
1665
2275
2306
2238
1683
1685
1686
1688
1689
1691
1692
1693
1694
1695
1696
1697
1698
1699
1700
1701
1704
1712
1714
1716
1717
1718
1719
1720
1721
1723
1724
1728
1729
1730
1732
1733
1734
1737
1738
1739
1740
1742
2339
1748
1749
1750
1751
1752
1753
1754
1755
1756
1757
1759
1762
1763
1764
1765
1767
1768
1769
1770
1771
1773
1776
1777
1778
1781
1793
1799
1802
1803
1804
2278
1807
1815
1817
1820
1823
1824
1825
1826
1827
1828
1829
2243
1831
1832
1835
1836
61
1838
1839
1843
1844
1847
1848
1850
1852
1853
1854
1855
1856
1857
1858
1860
1861
1862
1863
1864
1865
1866
1869
1870
1871
1872
1877
1878
176
1883
1884
1887
1888
2363
1895
1896
1900
1901
1902
1903
1904
1905
1906
1907
1908
1911
1914
1917
1919
1920
132
1923
1925
2178
1930
1931
1932
1934
1935
1936
1937
1938
1939
1940
1942
1944
1945
1946
1947
1949
2247
1951
1952
1953
1954
1955
1956
1958
1959
1961
1968
1970
1974
1975
1976
1977
1978
1979
1980
1989
1990
1991
1992
1993
1994
1995
1996
1997
2000
2003
2004
2005
2006
2009
2249
2011
2013
2014
2015
2016
2017
2029
2030
2031
2032
2033
2034
2035
2039
2040
2041
2042
2043
2044
2045
2046
