0
1
3
7
11
13
15
17
19
20
22
2072
2073
46
47
49
50
67
2122
2123
2124
88
89
90
91
92
94
95
96
97
2146
2147
2148
2150
2154
2155
109
2158
113
2166
120
121
122
124
2174
2175
2178
2179
2181
2183
2185
138
139
140
144
145
2195
2196
150
152
153
154
2203
2204
158
162
2211
164
165
177
2227
2228
2229
2230
183
2232
2233
2234
2235
192
193
197
2248
2249
204
205
206
2255
2257
2260
2261
2262
2263
2264
2265
218
2267
2268
2269
2270
2271
229
232
2283
236
238
239
244
247
251
252
253
254
282
283
284
287
2346
2347
2359
2360
2361
2362
2364
2371
2372
2375
2376
2382
2386
342
343
2392
351
355
356
2408
2419
2420
2421
378
380
2448
2449
2456
416
2466
421
427
2477
2478
431
432
2481
434
2492
447
2499
452
454
455
2505
2508
461
2511
2513
2514
2198
487
488
497
498
2548
2549
510
511
512
536
2479
541
545
549
550
551
627
628
645
648
652
654
451
2500
433
2480
799
807
810
811
812
818
819
820
822
824
845
846
847
848
849
860
869
874
877
892
894
895
898
901
917
921
929
930
935
938
943
953
961
967
2213
1034
1049
1050
1053
1055
1074
1075
1076
1077
1079
1080
1081
1086
1089
182
1096
2231
1124
1129
1132
1137
1138
1139
1146
1147
1162
1187
1196
1211
1212
1213
2252
1226
1227
1243
1255
1270
1271
1280
1286
1288
1302
1303
1307
1309
1310
1316
1317
1322
1323
221
1349
1359
1385
1390
1395
1396
1400
2284
1445
1446
1457
1471
1496
1535
1537
1546
1547
1548
1549
1550
1556
1557
1560
1561
1562
1574
1576
1578
1585
1586
1587
1600
1601
1603
1608
1609
1619
1625
1646
1647
1648
1655
1656
1658
1659
1665
1667
1668
1691
1700
1704
1707
1708
1709
1809
1811
1824
1827
1831
1839
1844
311
1868
1871
1872
1874
1875
1882
1884
1886
1945
1946
1947
1948
1949
1950
1951
1952
1953
1954
1955
1956
1957
1958
1964
1979
1980
1981
1982
1983
1984
1997
1998
1999
2000
2001
