2057
2058
2065
2068
2074
2076
2104
2105
2116
2119
2120
2125
2126
2127
2128
2129
2130
89
99
100
101
102
103
104
105
106
107
108
2160
2162
122
2171
2172
2173
2174
2175
2178
2179
2180
2181
144
146
148
2198
2200
160
2209
2210
2212
2213
2214
2215
2221
2223
176
177
178
179
2228
2229
182
190
2239
2240
195
196
197
199
200
2249
202
2251
2252
2253
2254
2255
2256
2257
2258
2259
2260
2263
216
2265
2266
2267
222
2271
2273
2274
2275
2276
2277
230
2279
2280
233
235
2286
239
240
241
242
243
2293
2294
249
250
251
256
262
266
267
268
276
277
280
281
282
283
286
288
293
294
295
299
300
301
302
303
304
305
318
324
325
326
327
330
332
335
339
340
341
342
343
344
372
373
374
376
378
384
385
386
388
389
390
391
392
393
394
399
415
416
419
424
428
468
470
487
488
490
493
494
495
504
515
520
521
522
535
537
538
539
540
541
550
778
779
780
781
782
783
784
785
786
133
801
802
803
806
807
815
819
825
826
2278
834
844
845
851
852
853
858
859
861
862
881
882
887
892
893
894
904
921
929
933
936
945
958
963
970
166
1004
1005
1009
1010
1013
1016
1020
1026
1027
1028
1034
1036
1045
1046
1047
1061
1063
2227
181
2230
1104
1105
1106
1107
1109
1110
1117
1118
1119
1121
1131
1132
1133
1134
1135
1136
1137
1141
1142
1143
1144
1145
1146
1147
1148
1149
1151
1152
1153
1156
1157
1159
1160
1161
1162
1170
1173
1174
1175
1178
1179
1180
1181
1182
2247
2248
2250
1214
1216
203
1225
1227
1228
1231
1232
1238
1239
1240
1243
1247
1255
1257
1263
1264
1276
1281
1282
1285
1286
1292
1293
1294
2264
1298
217
1330
1347
1348
1351
1354
228
1372
1376
1377
1381
1383
1384
1392
2281
1405
1406
1413
1415
1416
238
1437
1438
1444
1445
1447
1448
1449
1450
1451
1457
1461
1463
1466
1473
1474
1479
1480
1481
1483
1484
1487
1494
1495
1496
1529
1534
1536
1555
1557
1558
1559
1560
1570
1571
1576
1577
1582
1583
1584
1586
1599
1601
1612
1625
1629
1630
1639
1669
1670
1672
1674
2238
1681
1682
1683
1684
1685
1686
1687
1691
1693
1694
1697
1700
1710
1711
1713
1714
1722
1723
1761
1767
1768
1770
1771
1773
1799
1801
1802
1803
1823
1824
1826
1827
1828
1829
1830
1831
1832
1833
1834
1845
1846
1850
1852
1853
1927
1949
1953
1955
1956
1960
1962
1963
1964
1965
1967
1977
1984
1985
1986
1987
1988
1989
1990
1991
1992
1995
2012
2013
2014
2022
2042
2043
2044
2045
