0
1
2
3
4
6
7
8
9
11
12
13
15
16
17
19
29
30
31
32
33
34
35
36
38
39
40
43
44
50
51
52
54
56
57
58
60
62
63
64
65
67
69
71
72
73
74
75
77
79
80
83
84
85
86
87
90
95
96
97
98
99
100
101
102
103
104
105
106
107
113
115
116
117
119
120
121
122
123
124
125
126
127
128
129
130
131
132
133
134
135
137
138
139
140
142
143
144
146
147
150
151
152
153
154
155
160
162
163
171
172
173
175
212
227
228
236
238
239
249
250
252
253
254
260
261
262
264
265
269
270
271
272
274
275
277
278
279
283
284
285
286
298
300
301
302
303
304
305
306
307
330
331
333
335
336
337
338
339
340
341
345
358
360
361
362
363
364
365
366
367
369
371
372
373
375
380
384
385
387
388
389
390
391
392
393
394
395
396
397
398
399
400
401
408
409
410
411
412
415
416
418
422
423
425
426
427
428
429
430
431
432
433
434
435
437
438
440
441
442
446
447
448
449
450
451
452
453
455
456
459
460
461
462
463
464
466
467
470
471
472
473
474
475
476
483
484
485
486
487
488
489
490
491
492
493
494
505
507
510
512
518
520
521
522
524
525
529
530
531
532
535
536
542
543
544
545
546
547
548
549
550
551
552
553
556
557
558
559
560
561
563
565
566
567
568
569
570
571
572
573
574
575
576
577
578
579
585
586
587
590
591
592
593
594
595
596
597
598
599
600
601
602
603
604
606
607
611
612
613
615
617
620
622
625
626
627
628
629
630
632
633
635
636
642
643
644
645
646
648
649
650
651
654
655
656
657
659
664
668
669
672
674
675
676
677
679
681
682
683
684
685
686
687
688
695
702
703
704
705
706
707
715
717
725
726
765
796
798
799
800
801
802
803
804
805
806
807
808
809
812
813
814
815
816
817
818
819
820
822
823
824
825
826
828
829
830
831
832
836
837
838
839
840
842
844
845
846
848
849
851
852
853
854
855
856
857
858
859
860
861
862
863
864
866
868
869
871
883
884
885
886
887
888
890
893
894
895
896
897
898
899
900
902
903
906
907
908
909
910
911
912
915
919
920
922
923
924
925
929
930
931
932
933
934
935
936
937
939
940
946
947
948
949
950
951
952
955
956
957
958
959
962
963
964
965
967
968
969
971
972
973
974
975
977
980
981
982
983
984
985
987
988
990
996
997
1001
1002
1003
1004
1007
1008
1009
1010
1011
1012
1013
1024
1027
1030
1031
1032
1033
1034
1036
1037
1039
1043
1046
1047
1049
1050
1051
1056
1057
1058
1059
1060
1062
1063
1064
1065
1066
1067
1068
1073
1074
1077
1079
1080
1081
1084
1085
1086
1087
1091
1092
1093
1094
1096
1104
1105
1106
1107
1108
1109
1110
1112
1113
1114
1115
1116
1118
1119
1120
1121
1122
1144
1145
1153
1154
1155
1156
1157
1159
1160
1161
1166
1171
1173
1174
1180
1181
1205
1207
1210
1214
1215
1221
1222
1223
1224
1225
1226
1227
1228
1229
1232
1233
1234
1235
1237
1243
1244
1266
1267
1270
1273
1274
1275
1278
1279
1284
1286
1287
1288
1289
1290
1291
1292
1293
1294
1295
1296
1297
1298
1299
1300
1304
1306
1307
1308
1309
1310
1311
1313
1315
1316
1320
1323
1324
1327
1328
1330
1332
1333
1334
1335
1339
1340
1350
1351
1354
1355
1356
1357
1358
1359
1362
1363
1364
1365
1366
1367
1370
1371
1372
1375
1376
1378
1390
1391
1392
1393
1394
1395
1400
1401
1402
1403
1404
1405
1406
1407
1409
1411
1412
1416
1417
1419
1420
1421
1423
1424
1428
1430
1431
1432
1433
1434
1435
1436
1437
1438
1452
1454
1455
1456
1458
1459
1460
1461
