16
17
19
20
22
24
25
26
29
30
32
36
41
42
44
46
48
55
56
58
59
60
61
64
65
66
67
68
69
70
71
72
75
81
82
83
84
85
86
87
91
92
97
106
107
109
110
111
113
114
116
117
119
124
125
126
129
130
132
136
144
145
146
151
158
161
162
165
170
171
176
177
178
179
180
182
183
188
189
191
193
198
199
200
201
202
204
217
220
228
230
235
237
238
239
240
242
243
244
245
247
248
249
253
254
259
260
261
262
263
264
270
272
273
275
279
285
286
293
301
303
304
308
312
313
317
321
322
325
327
328
329
333
334
335
337
338
350
351
360
362
368
370
372
373
393
394
396
398
402
405
406
407
410
411
413
414
416
420
422
423
424
431
432
434
435
443
445
450
451
452
459
461
462
465
466
468
486
490
495
498
503
507
519
524
525
531
533
534
535
536
541
552
556
559
563
576
581
589
602
603
607
609
619
620
621
622
628
630
631
632
633
640
643
645
656
657
658
659
669
671
673
674
675
676
677
681
682
683
684
688
689
690
691
696
697
698
703
705
706
707
708
718
719
720
721
722
732
734
735
741
742
743
744
745
757
758
759
760
761
762
776
777
786
787
797
798
799
800
803
804
805
806
808
809
810
811
814
817
818
824
826
829
842
844
847
851
852
853
854
856
857
858
863
875
876
878
879
880
881
904
906
907
923
924
928
931
935
937
939
940
941
942
944
949
950
951
953
954
955
956
958
959
960
977
982
983
984
985
988
990
991
995
997
998
999
1001
1003
1004
1005
1007
1008
1014
1018
1019
1027
1056
1060
1079
1082
1085
1112
1113
1114
1127
1139
1140
1143
1144
1145
1159
1161
1162
1163
1166
1167
1168
1170
1173
1176
1178
1180
1181
1188
1192
1193
1203
1208
1209
1211
1214
1216
1217
1219
1223
1235
1236
1237
1241
1246
1247
1248
1268
1273
1280
1281
1283
1285
1287
1288
1289
1290
1293
1294
1295
1297
1298
1299
1300
1301
1302
1303
1307
1311
1312
1313
1319
1320
1321
1323
1327
1328
1329
1330
1331
1332
1333
1334
1335
1337
1338
1339
1342
1344
1345
1350
1352
1353
1354
1357
1364
1368
1372
1373
1374
1375
1377
1378
1381
1390
1401
1402
1403
1404
1405
1406
1407
1408
1409
1410
1411
1412
1413
1414
1415
1416
1417
1418
1419
1420
1421
1423
1431
1432
1434
1442
1444
1445
1450
1451
1452
1453
1455
1456
1457
1458
1459
1462
1463
1472
1473
1479
1483
1484
1485
1494
1495
1512
1516
1523
1531
1532
1534
1535
1536
1573
1574
1575
