26
47
54
55
2106
695
76
77
2129
96
2145
100
2151
2152
106
131
142
143
2192
2193
146
159
161
2210
2215
2216
182
2233
187
2238
2247
2249
2250
2251
2253
2256
213
214
2263
218
219
221
222
2273
2286
2287
2288
242
2294
2298
2299
2302
2314
2318
2323
2333
2341
2345
2346
2348
2349
2351
2354
309
313
323
324
325
2374
2375
330
331
2385
2386
2387
2388
342
346
2399
2401
2402
355
2412
2430
2432
2434
388
2447
2448
2449
2450
2464
426
696
428
2483
437
2489
2490
2491
2492
2494
2505
2507
2508
2518
474
475
477
478
507
510
511
2567
523
2572
526
2602
2603
2604
2605
2607
2622
2623
2626
590
591
2642
2643
2644
2658
2659
2660
658
2708
2712
2713
2715
2717
671
672
2726
679
2728
2731
2732
687
690
691
2742
2743
2744
699
700
2751
2766
2767
3192
724
727
2782
2783
2855
749
753
754
2809
2810
2811
2813
771
773
784
785
802
803
804
805
806
807
2856
2857
830
2882
839
840
2892
2893
849
850
851
2190
2919
2920
2194
2947
2948
2950
2954
2955
2959
2960
2962
2972
2973
2974
2977
1179
2982
936
937
2988
2992
2996
3003
3005
3006
3007
3014
3016
3017
3021
3022
3023
3036
3037
3052
3053
3055
3056
1018
3078
3079
1032
3081
1037
1038
1040
1041
1049
1053
1054
1063
1064
1065
1066
1067
3119
1072
524
1118
1120
1121
1122
1131
1132
3182
1144
3193
3195
3196
1150
3199
3200
1174
3227
1180
1183
1191
3246
3252
3257
3272
1227
3284
3285
3286
1239
1240
3291
3292
3293
1250
1251
1268
1272
1273
1276
3328
3329
3335
215
3344
3345
3346
3347
3348
3353
3354
3355
3356
3357
1310
1311
1314
1315
1316
3365
3366
1347
1348
1349
1361
1362
1363
1364
1365
1382
1386
1388
1394
1396
1399
1401
1402
1404
1405
1406
1407
1408
1409
1410
1411
1422
1423
1424
1425
1437
1438
1442
1450
1452
1467
1478
1479
1481
1482
1483
1484
1485
1494
1500
1501
1502
1517
1522
1523
1526
1527
1528
1529
1571
1580
1582
1589
1590
1591
1592
948
1594
1595
1600
1608
1609
1610
1611
1612
1619
1620
1621
1645
1646
1647
1649
1650
1688
1698
1699
1700
1714
1720
1733
1734
1735
1737
1741
1744
1775
1783
1786
1795
1799
1800
1801
1802
1805
1806
1819
1821
1822
1831
1835
1862
1863
1864
1865
1873
1879
1880
1881
1882
1899
1901
1906
1908
1909
1918
1919
1920
1931
1933
1934
1937
1938
1939
1941
2372
2373
1954
1955
1969
1971
1972
1973
1993
1998
1999
2001
2002
2005
2007
2012
2013
2014
2015
2021
2727
2036
